Theta =

 Columns 1 through 6:

   3.4614e-03   1.1325e-03   1.4755e-03   8.4927e-04   4.6637e-03  -9.5165e-04

 Columns 7 through 12:

   8.1474e-03  -3.8629e-04   7.9702e-03   6.6490e-03   5.4652e-03   6.2529e-03

 Columns 13 through 18:

   7.9819e-03  -1.0680e-03   1.3620e-03   3.9383e-03   5.2643e-03   3.8544e-03

 Columns 19 through 24:

   1.6104e-03   3.4352e-03   6.8574e-03   5.6465e-03   4.6605e-03   3.5413e-03

 Columns 25 through 30:

  -7.4641e-04   7.7037e-03   7.7545e-03   5.5479e-03   4.1391e-03  -1.1860e-03

 Columns 31 through 36:

   5.5875e-03  -1.6915e-03   3.9599e-03   2.8960e-03   1.5786e-03  -2.1568e-04

 Columns 37 through 42:

   6.6663e-03  -4.2426e-04   4.9642e-03   7.4971e-03   2.4500e-03   6.7181e-03

 Columns 43 through 48:

   5.5557e-03   1.8755e-03   2.0079e-03  -7.1935e-04   5.9905e-03  -1.5307e-03

 Columns 49 through 54:

   5.0710e-03   1.8524e-03   1.6201e-03   1.2886e-03   1.9427e-03  -6.2246e-04

 Columns 55 through 60:

   7.9387e-03   2.9042e-03   7.6721e-04   3.0780e-03   5.5665e-04   3.2122e-03

 Columns 61 through 66:

  -1.9948e-04  -1.1015e-03   3.9213e-03   6.4121e-03   6.9691e-03  -1.4249e-03

 Columns 67 through 72:

   5.7805e-03   4.7881e-03   7.4590e-03  -1.8679e-04   4.9222e-03  -1.6354e-03

 Columns 73 through 78:

   8.1191e-03   3.6970e-03   4.8300e-03   3.8446e-03   4.1525e-04   5.3594e-03

 Columns 79 through 84:

  -1.5089e-03   5.1217e-03   5.0651e-03   3.3035e-03   3.4420e-03   3.2504e-03

 Columns 85 through 90:

   2.0637e-03  -6.7366e-05   7.9164e-03   2.2926e-03   5.1925e-03   1.2477e-03

 Columns 91 through 96:

   2.0550e-03  -1.4812e-03  -1.5992e-04   6.6573e-03   6.0791e-03   4.8719e-03

 Columns 97 through 100:

   1.4514e-03   6.1085e-03   3.9340e-03   5.8614e-03

Theta =

 Columns 1 through 6:

            0   3.4614e-03   1.1325e-03   1.4755e-03   8.4927e-04   4.6637e-03

 Columns 7 through 12:

  -9.5165e-04   8.1474e-03  -3.8629e-04   7.9702e-03   6.6490e-03   5.4652e-03

 Columns 13 through 18:

   6.2529e-03   7.9819e-03  -1.0680e-03   1.3620e-03   3.9383e-03   5.2643e-03

 Columns 19 through 24:

   3.8544e-03   1.6104e-03   3.4352e-03   6.8574e-03   5.6465e-03   4.6605e-03

 Columns 25 through 30:

   3.5413e-03  -7.4641e-04   7.7037e-03   7.7545e-03   5.5479e-03   4.1391e-03

 Columns 31 through 36:

  -1.1860e-03   5.5875e-03  -1.6915e-03   3.9599e-03   2.8960e-03   1.5786e-03

 Columns 37 through 42:

  -2.1568e-04   6.6663e-03  -4.2426e-04   4.9642e-03   7.4971e-03   2.4500e-03

 Columns 43 through 48:

   6.7181e-03   5.5557e-03   1.8755e-03   2.0079e-03  -7.1935e-04   5.9905e-03

 Columns 49 through 54:

  -1.5307e-03   5.0710e-03   1.8524e-03   1.6201e-03   1.2886e-03   1.9427e-03

 Columns 55 through 60:

  -6.2246e-04   7.9387e-03   2.9042e-03   7.6721e-04   3.0780e-03   5.5665e-04

 Columns 61 through 66:

   3.2122e-03  -1.9948e-04  -1.1015e-03   3.9213e-03   6.4121e-03   6.9691e-03

 Columns 67 through 72:

  -1.4249e-03   5.7805e-03   4.7881e-03   7.4590e-03  -1.8679e-04   4.9222e-03

 Columns 73 through 78:

  -1.6354e-03   8.1191e-03   3.6970e-03   4.8300e-03   3.8446e-03   4.1525e-04

 Columns 79 through 84:

   5.3594e-03  -1.5089e-03   5.1217e-03   5.0651e-03   3.3035e-03   3.4420e-03

 Columns 85 through 90:

   3.2504e-03   2.0637e-03  -6.7366e-05   7.9164e-03   2.2926e-03   5.1925e-03

 Columns 91 through 96:

   1.2477e-03   2.0550e-03  -1.4812e-03  -1.5992e-04   6.6573e-03   6.0791e-03

 Columns 97 through 101:

   4.8719e-03   1.4514e-03   6.1085e-03   3.9340e-03   5.8614e-03

Theta =

            0
   3.4614e-03
   1.1325e-03
   1.4755e-03
   8.4927e-04
   4.6637e-03
  -9.5165e-04
   8.1474e-03
  -3.8629e-04
   7.9702e-03
   6.6490e-03
   5.4652e-03
   6.2529e-03
   7.9819e-03
  -1.0680e-03
   1.3620e-03
   3.9383e-03
   5.2643e-03
   3.8544e-03
   1.6104e-03
   3.4352e-03
   6.8574e-03
   5.6465e-03
   4.6605e-03
   3.5413e-03
  -7.4641e-04
   7.7037e-03
   7.7545e-03
   5.5479e-03
   4.1391e-03
  -1.1860e-03
   5.5875e-03
  -1.6915e-03
   3.9599e-03
   2.8960e-03
   1.5786e-03
  -2.1568e-04
   6.6663e-03
  -4.2426e-04
   4.9642e-03
   7.4971e-03
   2.4500e-03
   6.7181e-03
   5.5557e-03
   1.8755e-03
   2.0079e-03
  -7.1935e-04
   5.9905e-03
  -1.5307e-03
   5.0710e-03
   1.8524e-03
   1.6201e-03
   1.2886e-03
   1.9427e-03
  -6.2246e-04
   7.9387e-03
   2.9042e-03
   7.6721e-04
   3.0780e-03
   5.5665e-04
   3.2122e-03
  -1.9948e-04
  -1.1015e-03
   3.9213e-03
   6.4121e-03
   6.9691e-03
  -1.4249e-03
   5.7805e-03
   4.7881e-03
   7.4590e-03
  -1.8679e-04
   4.9222e-03
  -1.6354e-03
   8.1191e-03
   3.6970e-03
   4.8300e-03
   3.8446e-03
   4.1525e-04
   5.3594e-03
  -1.5089e-03
   5.1217e-03
   5.0651e-03
   3.3035e-03
   3.4420e-03
   3.2504e-03
   2.0637e-03
  -6.7366e-05
   7.9164e-03
   2.2926e-03
   5.1925e-03
   1.2477e-03
   2.0550e-03
  -1.4812e-03
  -1.5992e-04
   6.6573e-03
   6.0791e-03
   4.8719e-03
   1.4514e-03
   6.1085e-03
   3.9340e-03
   5.8614e-03

