Theta =

 Columns 1 through 6:

   3.4895e-04   1.3599e-02   5.2313e-03   2.1965e-03   1.3789e-02   1.9495e-03

 Columns 7 through 12:

   4.0832e-04   8.7530e-03   8.7471e-03   1.2018e-02   2.1761e-03   6.9467e-03

 Columns 13 through 18:

   3.8313e-03   4.2331e-04   3.1848e-04  -1.2123e-03   3.7054e-03   1.0416e-02

 Columns 19 through 24:

   1.2070e-02   7.0747e-03   3.7630e-03   1.3715e-02   3.7053e-03  -1.3136e-03

 Columns 25 through 30:

   1.2250e-02   1.0483e-02   1.2055e-02   1.3616e-02   6.9287e-03   1.3718e-02

 Columns 31 through 36:

   3.7656e-03   1.2175e-02   1.3775e-02   3.7248e-03   8.7857e-03   1.0421e-02

 Columns 37 through 42:

   1.3822e-02   5.2617e-03   5.4619e-03   4.0465e-04   1.0413e-02   1.3737e-02

 Columns 43 through 48:

   7.0718e-03   1.3650e-02   1.0461e-02   1.3612e-02   4.0641e-04   1.3827e-02

 Columns 49 through 54:

   7.0409e-03   8.5806e-03   2.0870e-03   1.1966e-02   2.0579e-03   1.0192e-02

 Columns 55 through 60:

   3.6153e-04   2.0235e-03   4.0470e-04   1.3619e-02   1.0320e-02   1.1982e-02

 Columns 61 through 66:

   1.2048e-02   5.2630e-03   7.0579e-03  -1.2610e-03  -1.2195e-03   6.9437e-03

 Columns 67 through 72:

   5.3954e-03   3.5031e-04   8.5901e-03   3.8951e-03   1.1977e-02   8.5180e-03

 Columns 73 through 78:

   5.2260e-03   1.2054e-02   2.0492e-03   3.6891e-03   8.6363e-03   3.6542e-03

 Columns 79 through 84:

   2.1315e-03   1.0413e-02   1.8616e-03   3.6660e-03   1.3641e-02   1.5763e-04

 Columns 85 through 90:

   1.3688e-02   1.3765e-02  -1.4057e-03   1.3841e-02   1.3488e-02   7.0266e-03

 Columns 91 through 96:

   1.3953e-02   6.9534e-03   8.7358e-03   7.0780e-03   1.0522e-02   5.3131e-04

 Columns 97 through 102:

   1.1998e-02   6.9550e-03   1.1914e-02   1.2093e-02  -1.3037e-03   3.5947e-04

 Columns 103 through 108:

   3.6789e-03   8.8195e-03  -1.3706e-03   8.8039e-03   2.1269e-03  -1.3333e-03

 Columns 109 through 114:

   1.3523e-02   3.0275e-04   3.0588e-04   4.3381e-04   5.3272e-03   3.9819e-04

 Columns 115 through 120:

   3.8207e-03   1.3586e-02   1.3681e-02   1.1977e-02   8.8427e-03   8.6945e-03

 Columns 121 through 126:

   7.0693e-03   1.3523e-02   3.6876e-03   3.7465e-03   1.0317e-02   3.6829e-03

 Columns 127 through 132:

   3.8009e-04  -1.4618e-03   1.0516e-02   7.0344e-03   1.3770e-02   3.9342e-04

 Columns 133 through 138:

   8.7788e-03   8.6585e-03   1.2026e-02   3.7895e-03   3.3940e-04   6.9912e-03

 Columns 139 through 144:

   1.1999e-02   1.3744e-02   2.1333e-03   5.3188e-03   8.6212e-03   5.4891e-03

 Columns 145 through 150:

   5.5142e-03   3.6889e-04   3.7237e-03   8.6872e-03   1.9666e-03   4.5384e-04

 Columns 151 through 156:

   4.3587e-04   1.0558e-02   2.1419e-03   3.5443e-03   3.6084e-03   2.8652e-04

 Columns 157 through 162:

  -1.2387e-03   1.1958e-02   3.8151e-03   5.0467e-04   6.9528e-03   3.7061e-03

 Columns 163 through 168:

   3.9758e-04   2.8175e-04   1.2092e-02   2.1093e-03   2.1090e-03  -1.2231e-03

 Columns 169 through 174:

   5.3214e-03   6.8743e-03   1.3629e-02   1.0309e-02   1.0436e-02   6.9003e-03

 Columns 175 through 180:

   3.0682e-04   2.5975e-04   2.1259e-03  -1.3601e-03   1.3762e-02   1.9187e-03

 Columns 181 through 186:

   1.0433e-02   8.7098e-03  -1.2952e-03   1.0270e-02   1.0516e-02   7.0748e-03

 Columns 187 through 192:

   1.0284e-02   6.9750e-03  -1.4040e-03   7.1675e-03   1.3646e-02   1.3562e-02

 Columns 193 through 198:

   8.8458e-03   2.1040e-03   2.1302e-03   5.4055e-03   8.8735e-03   1.0356e-02

 Columns 199 through 204:

   8.7705e-03   1.0504e-02   1.2077e-02   1.3812e-02   1.0106e-02   1.2080e-02

 Columns 205 through 210:

   8.6012e-03   7.0192e-03   5.4908e-03   3.1274e-04   1.0551e-02   1.9249e-03

 Columns 211 through 216:

   7.1279e-03  -1.1552e-03   2.1949e-03  -1.2427e-03   5.4026e-03   1.3676e-02

 Columns 217 through 222:

   1.1929e-02   7.1200e-03   2.0822e-04   5.2900e-03   4.1276e-04   5.4078e-03

 Columns 223 through 228:

   4.3792e-04   5.2252e-03   4.6595e-04  -1.3860e-03   8.6272e-03   1.2205e-02

 Columns 229 through 234:

   3.7591e-03   5.3622e-03   3.6745e-04   2.9261e-04   1.2118e-02   2.3806e-04

 Columns 235 through 240:

  -1.2969e-03   6.9940e-03   1.2276e-02   5.2280e-03   4.0213e-04   2.1221e-03

 Columns 241 through 246:

   1.2020e-02   7.0557e-03   7.0286e-03   5.3707e-03   1.0275e-02   1.3717e-02

 Columns 247 through 252:

   1.3732e-02   2.4536e-04   5.4938e-03   6.7075e-03   2.1528e-03   1.3733e-02

 Columns 253 through 258:

   7.1086e-03   1.2006e-02   2.0140e-03   1.2155e-02  -1.2186e-03   3.6558e-03

 Columns 259 through 264:

   1.3716e-02   5.3199e-03   5.4867e-03   2.0083e-04   3.7108e-03   8.7726e-03

 Columns 265 through 270:

   3.7656e-03   1.0375e-02   8.7275e-03   2.2192e-03   1.8397e-03   2.0993e-03

 Columns 271 through 276:

   3.6871e-03   1.2104e-02   8.7366e-03   2.1512e-03   1.2001e-02   3.8098e-04

 Columns 277 through 282:

  -1.2868e-03   1.0259e-02   5.3603e-03  -1.1983e-03   2.4164e-04   1.2074e-02

 Columns 283 through 288:

   8.7326e-03   5.4642e-03   1.0269e-02   1.0248e-02   1.3529e-02   7.0755e-03

 Columns 289 through 294:

   2.0222e-03   1.0299e-02  -1.4118e-03   3.8760e-03   7.0918e-03   7.0912e-03

 Columns 295 through 300:

   5.3939e-03   1.2048e-02  -1.4752e-03   2.5555e-04   8.6477e-03   3.6949e-03

 Columns 301 through 306:

  -1.3159e-03   1.2070e-02   8.4745e-03   2.1538e-03  -1.2802e-03   3.6994e-03

 Columns 307 through 312:

   2.6818e-04  -1.1811e-03   1.0449e-02  -1.4513e-03   3.2419e-04  -1.3283e-03

 Columns 313 through 318:

   3.2495e-04   5.5694e-03   1.0557e-02   1.2018e-02   3.9386e-03   3.5426e-03

 Columns 319 through 324:

   2.1538e-03   8.8608e-03  -1.4496e-03  -1.5209e-03   2.0474e-03   1.0494e-02

 Columns 325 through 330:

   3.7872e-04   8.6934e-03   3.6515e-04   4.7564e-04   1.0521e-02   1.0615e-02

 Columns 331 through 336:

   1.3826e-02   3.7718e-03   7.0737e-03   8.6467e-03   7.1075e-03   8.7054e-03

 Columns 337 through 342:

  -1.2605e-03   1.0518e-02  -1.3513e-03   1.3591e-02   1.3782e-02   3.7052e-03

 Columns 343 through 348:

   8.5697e-03   1.0539e-02   8.7159e-03   5.2624e-03   4.9556e-04   1.2089e-02

 Columns 349 through 354:

   3.5933e-03  -1.2657e-03   3.7257e-03   8.7022e-03   1.0409e-02   3.7162e-03

 Columns 355 through 360:

   7.0353e-03   1.2112e-02  -1.4468e-03   7.1039e-03   8.6651e-03   1.2008e-02

 Columns 361 through 366:

   1.0372e-02   1.9356e-03  -1.3329e-03  -1.2594e-03   8.5875e-03   2.0356e-03

 Columns 367 through 372:

  -1.3692e-03   5.3752e-03   1.2096e-02   5.3552e-03   3.1058e-04   1.0358e-02

 Columns 373 through 378:

   1.3587e-02  -1.2574e-03   7.1519e-03   4.1197e-04   1.1933e-02   1.0347e-02

 Columns 379 through 384:

   1.3695e-02   1.9594e-03   3.7487e-03   2.0048e-03   6.9260e-03   2.0565e-03

 Columns 385 through 390:

   1.2031e-02   6.9578e-03   1.0535e-02   3.8165e-03   1.0302e-02   3.2527e-04

 Columns 391 through 396:

   1.0504e-02  -1.4303e-03   1.9190e-03   1.2025e-02   3.6149e-03   1.0415e-02

 Columns 397 through 402:

   5.3029e-03   1.0337e-02  -1.3596e-03   4.6400e-04   2.8845e-04  -1.3475e-03

 Columns 403 through 408:

   5.4124e-03   1.0479e-02   7.0787e-03   2.1607e-03   7.0627e-03  -1.3285e-03

 Columns 409 through 414:

   7.0617e-03   1.9009e-03   3.5752e-03   6.9984e-03   4.7716e-04   1.3800e-02

 Columns 415 through 420:

  -1.1757e-03   3.8319e-03   2.0205e-03   1.0419e-02   1.3662e-02   6.9676e-03

 Columns 421 through 426:

   2.1263e-03  -1.2236e-03   7.1087e-03   5.3489e-03   2.0118e-03   1.9174e-03

 Columns 427 through 432:

   5.4151e-03   1.0318e-02   6.9329e-03   5.3724e-03   6.9362e-03   1.3756e-02

 Columns 433 through 438:

   1.0162e-02   5.5538e-03   8.6105e-03   3.1906e-04   1.2109e-02   3.4822e-04

 Columns 439 through 444:

  -1.2452e-03   2.0520e-03   1.2120e-02  -1.4947e-03   8.7197e-03   3.6849e-03

 Columns 445 through 450:

   2.5577e-04   7.0397e-03   1.0439e-02   5.4569e-04   3.7841e-03   1.2133e-02

