Theta =

 Columns 1 through 6:

   2.4510e+02   1.2113e+05   9.9068e+05   4.5125e+05   4.3078e+05   2.9970e+05

 Columns 7 through 12:

   3.5174e+05   8.5556e+05   8.6425e+05   2.7632e+05   6.5020e+05  -3.9876e+04

 Column 13:

  -4.0228e+05

Theta =

 Columns 1 through 6:

            0   2.4510e+02   1.2113e+05   9.9068e+05   4.5125e+05   4.3078e+05

 Columns 7 through 12:

   2.9970e+05   3.5174e+05   8.5556e+05   8.6425e+05   2.7632e+05   6.5020e+05

 Columns 13 and 14:

  -3.9876e+04  -4.0228e+05

Theta =

            0
   2.4510e+02
   1.2113e+05
   9.9068e+05
   4.5125e+05
   4.3078e+05
   2.9970e+05
   3.5174e+05
   8.5556e+05
   8.6425e+05
   2.7632e+05
   6.5020e+05
  -3.9876e+04
  -4.0228e+05

