Theta =

 Columns 1 through 7:

    31.2674  -137.0244   -97.7394   166.9906    -5.7492   102.8924    -8.1136

 Columns 8 through 10:

   -50.2818    72.8580    31.1822

Theta =

 Columns 1 through 7:

          0    31.2674  -137.0244   -97.7394   166.9906    -5.7492   102.8924

 Columns 8 through 11:

    -8.1136   -50.2818    72.8580    31.1822

Theta =

          0
    31.2674
  -137.0244
   -97.7394
   166.9906
    -5.7492
   102.8924
    -8.1136
   -50.2818
    72.8580
    31.1822

